1   OIII3047    3047.10     1    665  675  790  800      p
1   NeII3047	3047.56     1    675  685  815  825      p
1   OIII3133    3132.79     5	 785  795  920  930      p
1   OIII3133	3132.79     6	 125  135  290  300      s
1   HeI3187	    3187.74     8    500  510  635  645      p
1   HeI3187	    3187.74     7   1164 1174 1265 1275      s
1   HeII3203	3203.17     8    975  985 1095 1105      p
1   HeII3203	3203.17     9    300  310  430  440      s
1   OIII3260	3260.85    11    665  675  815  825      p
1   OIII3265	3265.32    11    811  821  940  950      p
1   OIII3299    3299.36    12   1125 1135 1272 1282      p
1   OIII3299    3299.36    13    480  490  590  600      s
1   OIII3312    3312.30    13    845  855  975  985      p
1   NeII3335	3334.837   14	 800  810  925  935      p
1   OIII3340    3340.74    14    963  973 1100 1110      p
1   OIII3340    3340.74    15    290  300  415  425      s
1   NeIII3342   3342.5     14   1020 1030 1153 1163      p
1   NeIII3342   3342.5     15    350  360  462  472      s
1   NeII3367	3367.22    15   1045 1055 1175 1185      p
1   NeII3367	3367.22    16    340  350  475  485      s
1   OIII3404	3404.12    17    695  705  815  825      p
1   OIII3405	3405.71    17    725  735  875  885      p
1   NeV3426     3425.87    18	 575  585  750  760      p
1   NeV3426     3425.87    17   1305 1315 1420 1430      s
1   OIII3430	3430.57    18    740  750  865  875      p
1   OIII3444    3444.10    19 	 390  400  540  550      p
1   OIII3444    3444.10    18   1100 1110 1245 1255      s
1   NeII3568	3568.5     23    900  910 1047 1057      p
1   NeII3568	3568.5     24    205  215  310  320      s
1   HeI3614     3613.642   25    640  650  780  790      p
1   NeII3694    3694.215   28	 488  498  635  645      p
1   NeII3694    3694.215   27   1250 1260 1390 1400      s
1   OIII3707    3707.24    28	 815  825  970  980      p  
1   HeII3720	3720.41    29    406  416  568  578      p
1   HeII3720	3720.41    28   1170 1180 1340 1350      s
1   OII3726     3726.05    29	 560  570  686  696      p
1   OII3726     3726.05    28   1325 1335 1455 1465      s
1   OII3729     3728.80    29	 605  615  775  785      p
1   OIII3754    3754.67    30    517  527  665  675      s
1   OIII3757    3757.21    30    570  580  715  725      s
1   OIII3759    3759.87    30    660  670  778  788      s
1   OIII3774    3774.026   30   1040 1050 1145 1155      p1
1   OIII3774    3774.026   31    260  270  365  375      s1
1   OIII3791    3791.26    31    680  690  810  820      s
2   OIII3754    3754.67     1    525  535  671  681      p
2   OIII3757    3757.21     1	 590  600  730  740      p
2   OIII3759    3759.87     1    650  660  795  805      p
2   HI3770      3770.633    1    928  938 1095 1105      p
2   HI3770      3770.633    2    186  196  295  305      s
2   OIII3774    3774.026    1   1052 1062 1150 1160      p2   #ESTAN MUY SEPARADOS DE LA LINEA
2   OIII3774    3774.026    2    270  280  380  390      s2
2   OIII3791    3791.26     2    665  675  817  827      p
2   HI3797      3797.909    2    860  870  980  990      p
2   HI3797      3797.909    3     75   85  198  208      s
2   HI3835      3835.397    3    990 1000 1160 1170      p
2   HI3835      3835.397    4    240  250  355  365      s
2   SiII3856	3856.02     4    730  740  875  885      p 
2   SiII3862	3862.6      4    880  890 1050 1060      p
2   NeIII3869   3868.76     4	1045 1055 1195 1205      p
2   NeIII3869   3868.76     5    260  270  400  410      s 
2   CaII3933    3933.66     6   1040 1050 1190 1200      p
2   CaII3933    3933.66     7    250  260  376  386      s
2   HeI3965 	3964.729	7    990 1000 1115 1125      p
2   HeI3965 	3964.729	8    200  210  298  308      s
2   NeIII3967	3967.47     7   1050 1060 1175 1185      p
2   NeIII3967	3967.47     8    280  290  358  368      s
2   HI3970      3970.075    7   1115 1125 1250 1260      p
2   HI3970      3970.075    8    290  300  445  455      s
2   HeI4026 	4026.186	9    812  822  970  980      p 
2   OII4032     4032.48     9    965  975 1100 1110      p 
2   OII4033     4033.16     9   1000 1010 1105 1115      p 
2   NII4035 	4035.08     9   1040 1050 1165 1175      p
2   NII4035 	4035.08    10    238  248  350  360      s
2   NII4041 	4041.31     9   1206 1216 1310 1320      p
2   NII4041 	4041.31    10    355  365  476  486      s
2   OII4041     4041.95    10    375  385  510  520      p
2   NII4044 	4043.53     9   1225 1235 1390 1400      p #lado derecho muy brillante
2   NII4044 	4043.53    10    390  400  554  564      s
2   OII4054     4054.04    10    655  665  770  780      p
2   SII4069 	4068.60    10   1010 1020 1140 1150      p
2   SII4069 	4068.60    11    190  200  300  310      s
2   OII4069	    4069.89    10   1040 1050 1138 1148      p
2   OII4069	    4069.89    11    210  220  302  310      s #banda
2   OII4072	    4072.16    10   1076 1085 1225 1235      p
2   OII4072	    4072.16    11    225  235  390  400      s #banda
2   SII4076 	4076.35    10   1210 1220 1310 1320      p
2   SII4076 	4076.35    11    365  375  457  467      s #banda
2   OII4084 	4083.89    11    540  550  660  670      p
2   OII4089 	4089.29	   11    655  665  790  800      p
2   NIII4097	4097.33    11    840  850  970  980      p   
2   Hdelta 	    4101.776   11    969  979 1085 1095      p
2   Hdelta 	    4101.776   12    130  140  240  250      s
2   OII4103	    4103.0     11    969  979 1125 1135      p      
2   OII4103	    4103.0     12    126  136  270  280      s
2   CIII4186	4186.9     13   1222 1232 1342 1352      p
2   CIII4186	4186.9     14    352  362  490  500      s
2   HeII4199    4199.832   14    660  670  800  810      p
2   CII4267 	4267.261   16    415  425  578  588      p
2   CII4267 	4267.261   15	1307 1317 1450 1460      s
2   OII4317     4317.17    17    685  695  782  792      p
2   OII4319     4319.63    17    692  702  850  860      p
2   Hgamma      4340.459   17   1175 1185 1340 1350      p
2   Hgamma 	    4340.459   18    305  315  431  441      s
2   OII4349     4349.43    18    508  518  625  635      p
2   OIII4363    4363.21    18	 790  800  920  930      p   
2   OII4366     4366.89    18    853  863  995 1005      p
2   NIII4379    4379.11    18   1150 1160 1265 1275      p
2   NIII4379    4379.11    19    245  255  365  375      s
2   HeI4387	    4387.93    19    425  435  575  585      p
2   HeI4387	    4387.93    18   1335 1345 1475 1485      s
2   HeI4437	    4437.55    20    610  620  740  750      p
2   HeI4471 	4471.474   21    412  422  568  578      p
2   HeI4471 	4471.474   20   1346 1356 1475 1485      s
2   HeII4541    4541.591   22    985  995 1110 1120      p
2   OII4591     4590.97    23   1070 1080 1225 1235      p
2   OII4591     4590.97    24    160  170  262  272      s
2   OII4596     4596.18    23   1190 1200 1345 1355      p
2   OII4596     4596.18    24    240  250  372  382      s
2   OII4602	    4602.13    24    338  348  490  500      p
2   OII4602	    4602.13    23   1300 1310 1465 1475      s 
2   NIII4634    4634.126   24	1012 1022 1165 1175      p
2   NIII4634    4634.126   25    100  110  186  196      s #continuo brillante (izquierdo)
2   OII4639 	4638.855   24	1140 1150 1237 1244      p
2   OII4639 	4638.855   25    192  202  270  280      s
2   NIII4641    4640.644   24	1165 1175 1325 1335      p
2   NIII4641    4640.644   25    200  210  356  366      s
2   OII4642 	4641.810   24	1190 1200 1340 1350      p
2   OII4642 	4641.810   25    217  227  375  385      s
2   CIII4647    4647.49    25    375  385  448  458      p
2   CIII4647    4647.49    24   1325 1335 1455 1465      s
2   OII4649 	4649.135   25    390  400  535  545      p
2   OII4649 	4649.135   24   1340 1350 1470 1480      s 
2   CIII4650    4650.25    25    400  410  540  550      p
2   CIII4650    4650.25    24   1390 1400 1490 1500      s
2   OII4651 	4650.839   25    400  410  550  560      p
2   OII4651 	4650.839   24   1391 1399 1491 1500      s
2   CIV4658 	4658.30    25    575  585  685  695      p
2   OII4662 	4661.633   25	 635  645  785  795      p
2   OII4674 	4673.732   25	 911  921 1008 1018      p  
2   OII4676 	4676.235   25	 940  950 1087 1097      p
2   HeII4686    4685.71	   25	1163 1173 1275 1285      p
2   HeII4686    4685.71	   26    190  200  300  310      s
2   OII4696 	4696.347   26    385  395  515  525      p
2   ArIV4711    4711.34    26  	 702  712  853  863	     p	
2   HeI4713 	4713.139   26    715  725  865  875      p  
2   NeIV4714    4714.25    26    730  740  900  910      p  
2   NeIV4724    4724.15    26    940  950 1100 1110      p  
2   ArIV4740    4740.20    26	1275 1285 1422 1432      p
2   ArIV4740    4740.20    27    300  310  450  460      s
2   NI4800      4800.7     28    536  546  700  710      p
2   HeII4859	4859.32    29    700  710  765  775      p
2   Hbeta 	    4861.320   29	 750  760  914  924      p
2   HeI4922 	4921.931   30	 927  935 1102 1111      p
2   OIII4931	4931.0     30   1120 1130 1245 1255      p
2   OIII4931	4931.0     31    135  145  215  225      s
2   OIII4959    4958.92    31	 622  632  790  800      p
2s  Hbeta 	    4861.320   29	 725  735  900  910      ns 
2s  OIII4959    4958.92    31	 625  635  785  795      ns 
3b  NII4994     4994.37    20    778  788  935  945      p  
3b  HeI5015     5015.678   20   1290 1300 1460 1470      p  
3b  SiII5041	5041.03    19    900  910 1068 1078      p 
3b  HeI5047     5047.738   19   1067 1077 1228 1238      p 
3b  SiII5056	5056.31    19   1275 1285 1425 1435      p 
3b  NeII5130	5130.46    17   1000 1010 1155 1165      p 
3b  NIII5147	5147.88    17   1440 1450 1556 1566      p 
3b  ArIII5191   5191.82    16   1440 1450 1570 1580      p
3b  ArIII5191   5191.82    15    410  420  540  550      s
3b  NI5197	    5197.94    15    545  555  712  722      p
3b  NI5200	    5200.41    15    594  604  753  763      p
3b  CII5342	    5342.38    12    715  725  862  872      p
3b  CII5368	    5368.1     12   1303 1313 1461 1471      p
3b  HeII5411    5411.53    11   1205 1215 1360 1370      p
3b  HeII5411    5411.53    10    140  150  275  285      s
3b  NII5452	    5452.08    10   1042 1052 1191 1201      p
3b  NII5454	    5454.22    10   1090 1100 1240 1250      p
3b  NII5495	    5495.67     9    920  930 1065 1075      p
3b  ClIII5517	5517.71     9   1415 1425 1565 1575      p
3b  NII5931     5931.79     1   1145 1155 1265 1275      p
3b  ClIII5537	5537.87     8    735  745  895  905      p
3b  OI5577      5577.35     7    490  500  640  650      p
3b  OI5577      5577.35     8   1610 1620 1765 1775      s
3b  NaI5889     5889.95     1    240  250  390  400      s
3b  NaI5889     5889.95     2   1435 1445 1585 1595      p
3b  NaI5896     5896.02     1    380  390  510  520      p
3b  NaI5896     5896.02     2   1539 1549 1720 1730      s
3b  NII5941     5941.65     1   1305 1315 1456 1466      p
3b  OIII5592    5592.34     7    815  825  975  985      p
3b  NII5666     5666.63     6   1310 1320 1473 1483      p
3b  NII5676     5676.02     6   1510 1520 1658 1668      p
3b  NII5676     5676.02     5    380  390  510  520      s
3b  NII5679     5679.56     6   1590 1600 1750 1760      p
3b  NII5679     5679.56     5    446  456  600  610      s
3b  NII5686     5686.21     5    590  600  750  760      p
3b  NII5686     5686.21     6   1750 1760 1875 1885      s
3b  MnV5701	    5701.82     5    925  935 1090 1100      p
3b  NII5710     5710.77     5   1125 1135 1295 1305      p
3b  NII5730     5730.66     5   1550 1560 1688 1698      p
3b  NII5754     5754.57     4    905  915 1075 1085	     p
3b  CIV5801     5801.33     3    735  745  893  903      p
3b  CIV5811     5811.98     3    965  975 1125 1135      p
3b  HeII5836	5836.5      3   1475 1485 1620 1630      p
3b  MnV5861	    5861.0      2    807  817  948  958      p
3b  HeI5875     5875.625    2   1118 1128 1290 1300      p
3b  CII5886	    5886.05     2   1345 1355 1483 1493      p
3bs OIII5007    5006.85    20   1080 1090 1240 1250      ns
3bs NII5754     5754.57     4    900  910 1075 1085	     ns
3r  Mn6083	    6083.2	   14    565  575  698  708      p
3r  Mn6083	    6083.2	   15   1800 1810 1941 1951      s
3r  KIV6101	    6101.83	   14    950  960 1100 1110      p
3r  CII6151	    6151.43	   13    760  770  862  872      p
3r  OI6300      6300.32    11   1135 1145 1295 1305      p
3r  SIII6312    6312.06	   11   1370 1380 1543 1553      p
3r  SIII6312    6312.06	   10     96  106  250  260      s
3r  SiII6347    6347.1	   10    765  775  935  945      p
3r  OI6363	    6363.81	   10   1090 1100 1258 1268      p
3r  SiII6371    6371.36	   10   1255 1265 1415 1425      p
3r  Mn6393	    6393.5	    9    390  400  545  555      p
3r  Mn6393	    6393.5	   10   1667 1677 1835 1845      s
3r  ArV6435     6435.10     9   1185 1195 1345 1355      p
3r  CII6461	    6461.95	    9   1725 1735 1868 1878      p
3r  CII6461	    6461.95	    8    421  431  560  570      s
3r  SiI6486	    6486.14	    8    895  905 1015 1025      p
3r  OII6501	    6501.41	    8   1161 1171 1315 1325      p
3r  OII6509     6509.711    8   1310 1320 1450 1460      p
3r  OII6510     6510.622    8   1315 1325 1490 1500      p
3r  NII6548	    6548.06	    7    694  704  841  849      p
3r  HeII6560    6560.1	    7    920  930  990 1000      p
3r  Halpha	    6562.791    7    978  988 1147 1156      p
3r  CII6578     6578.05     7   1275 1285 1425 1435      p
3r  NII6583     6583.39     7   1510 1520 1540 1550      p
3r  NII6583     6583.39     6     85   95  195  205      s
3r  HeI6678     6678.152    5    460  470  622  632      p
3r  HeI6678     6678.152    6   1805 1815 1973 1983      s
3r  SII6716     6716.42     5   1160 1170 1320 1330	     p
3r  SII6730     6730.78     5   1412 1422 1579 1589	     p
3r  SII6730     6730.78     4    115  125  217  227      s
3r  KIV6795	    6795.8	    4   1245 1255 1398 1408      p
3r  ArV7006     7005.67     1	 815  825  945  955      p
3rs Halpha	    6562.791    7    975  985 1150 1160      ns
3rs NII6583     6583.39     7   1405 1415 1530 1540      ns
4b  HeI7065     7065.710   18    415  425  550  560      p 
4b  ArIII7135   7135.80    17    190  200  350  360      p    
4b  ArIII7135   7135.80    18   1640 1650 1800 1810      s    
4b  CII7231	    7231.32	   16    375  385  527  537      p
4b  ArIV7237    7237.4	   16    511  521  645  655      p
4b  ArIV7262    7262.76	   16    900  910 1035 1045      p
4b  HeI7281     7281.351   16   1245 1255 1407 1416      p
4b  OII7319	    7319.92	   15    395  405  550  560      p
4b  OII7319	    7319.92	   16   1896 1906 2030 2040      s
4b  OII7330	    7330.19	   15    557  567  745  755      p
4b  ArIV7331    7331.4	   15    610  620  745  755      p
4b  SiI7455	    7455.36	   14   1176 1186 1325 1335      p
4b  SiI7455b    7455.56    14   1176 1184 1330 1340      p
4b  NI7468      7468.46    14   1425 1435 1547 1557      p
4b  OII7486	    7486.21	   14   1700 1710 1850 1860      p
4b  OII7486	    7486.21	   13    155  165  315  325      s
4b  ClIV7530    7530.56	   13    900  910 1050 1060      p
4b  HeII7592    7592.75	   12    375  385  430  440      p
4b  HeII7592    7592.75	   13   1920 1930 1985 1995      s
4b  ArIII7751   7751.06    11   1390 1400 1525 1535      p
4b  OI7771      7771.944   11   1725 1735 1888 1898      p
4b  OI7774      7774.166   11   1765 1775 1895 1905      p
4b  OI7775      7775.388   11   1767 1777 1880 1900      p
4b  ClIV8045    8045.63	    8   1216 1226 1330 1340      p
4b  NI8216      8216.30     6    512  522  628  638      p
4b  NI8223      8223.22     6    609  619  745  755      p
4b  HeII8236    8236.77	    6    790  800  940  950      p
4b  NI8242      8242.51     6    880  890 1020 1030      p
4b  OI8446a     8446.25     4    530  540  650  660      p
4b  OI8446b     8446.36     4    530  540  655  665      p
4b  OI8446c     8446.76     4    530  540  660  670      p
4b  CI8578      8578.79     3    735  745  846  856      p
4b  NI8680      8680.37     2    422  432  550  560      p
4b  NI8683      8683.53     2    460  470  605  615      p
4b  CI8873      8873.36     1   1380 1390 1505 1515      p
4r  SIII9069	9069.0     10    400  410  555  565      p
4r  CI9095	    9095.46    10    765  775  930  940      p
4r  CII9123     9123.74     10  1159 1169 1315 1325      p
4r  HI9229      9229.01     9    710  720  878  888      p 
4r  OI9260      9260.85     9   1155 1165 1300 1310      p
4r  OI9262      9262.67     9   1190 1200 1345 1355      p
4r  OI9265      9265.93     9   1208 1218 1365 1375      p
4r  HI9545      9546.2      7   1102 1112 1255 1265      p
4r  SIII9531	9531.8      7    962  969 1055 1065      p 
4r  CI9824      9824.13     5    750  760  876  886      p
4r  CI9850      9850.26     5   1060 1070 1200 1210      p
4r  CII9903	    9903.46     5   1742 1752 1910 1920      p  
4r  OII9937     9937.94     4    120  130  268  278      p
4r  OII9990     9990.27     4    803  813  919  927      p
4r  OII9982     9982.42     4    686  691  815  825      p  
4r  NeII10030  10030.20     4   1320 1325 1437 1442      p
4r  HI10049    10049.37     4   1540 1550 1670 1680      p  
4r  NeII10110  10110.70     3    230  240  340  350      p
4r  HeII10123  10123.61     3    350  360  482  492      p
4rs SIII9531	9531.8      7    924  931 1080 1087      ns 
